[MoonDrawData]
North=35Åã39Åå29.1572000Åç
East=139Åã44Åå28.8759000Åç
UTC=+9.0h
High=-6370913.1534563m
Fine=1
Libration=0
Brightness=20%
AgeDraw=50ms
MoonDraw=5000ms
Image=Moon_PIA00302.jpg
String=MoonAge: 
